int 12 inorder 53 12 52 70 66 87 21 40 60 2 33 19
int 13 inorder 92 24 16 73 60 24 50 95 31 87 70 85 41
int 14 inorder 80 90 28 21 34 92 32 63 76 40 24 10 17 19
int 15 preorder 8 33 54 72 59 86 99 8 1 25 80 22 18 44 82
int 15 inorder 20 64 64 70 93 31 95 87 62 47 65 40 31 77 83
int 16 postorder 69 74 80 71 42 64 68 96 10 52 63 49 12 19 7 64
int 16 preorder 64 83 67 85 19 43 33 4 1 35 19 56 43 87 1 54
int 19 postorder 40 64 19 26 30 59 5 7 88 18 27 17 95 97 42 10 2 87 76
int 20 preorder 71 12 15 79 7 92 71 67 65 29 54 87 83 50 99 87 31 65 3 41
int 21 inorder 81 1 71 43 54 70 5 69 58 4 63 72 53 63 63 97 11 81 22 90 43
int 22 preorder 99 34 25 38 42 70 52 99 26 75 12 92 39 93 40 31 48 83 99 42 14 24
int 27 preorder 30 93 72 33 12 27 97 66 1 63 38 31 2 99 34 28 84 23 14 82 56 22 89 75 71 88 49
int 27 inorder 47 46 37 99 10 66 11 71 94 65 38 27 8 61 60 33 16 49 12 21 80 82 15 38 41 32 42
int 27 preorder 39 17 59 70 43 86 80 93 57 45 95 20 49 22 36 82 33 72 12 43 5 90 11 86 63 68 85
int 28 postorder 31 14 50 78 92 89 52 69 16 6 47 27 62 84 71 55 86 15 80 78 51 40 61 35 91 96 86 33
int 29 inorder 46 57 66 49 57 55 30 94 98 65 15 31 49 5 4 88 16 79 42 84 87 18 25 27 26 37 53 81 47
int 29 inorder 63 18 71 12 51 28 43 59 98 7 75 77 40 2 37 47 92 56 86 49 86 51 18 97 98 27 27 13 90
int 30 inorder 2 96 85 31 30 50 30 5 35 87 64 68 2 84 23 77 32 28 97 48 64 28 82 30 20 87 61 42 18 3
int 34 inorder 90 63 10 64 31 10 79 80 15 62 87 40 41 96 79 66 79 71 2 12 22 68 74 5 28 20 90 91 65 44 29 20 13 74
int 35 inorder 56 54 56 90 72 23 14 29 6 51 7 2 80 1 97 75 43 10 49 82 18 13 14 2 45 2 9 67 60 62 68 53 84 93 81
int 35 inorder 89 28 17 89 9 96 95 77 13 3 61 72 35 56 74 60 12 91 3 71 19 53 87 83 73 76 47 74 32 11 4 96 58 93 71
int 39 postorder 30 20 69 29 21 79 35 27 10 32 57 98 54 38 56 97 39 83 49 57 3 32 68 91 61 4 80 25 29 14 97 61 60 19 77 1 48 52 50
char 41 inorder o n q o n i d l h d t r p c j j s i o d b n m a s d m e b b q r l p e c d b h o n
int 43 postorder 45 49 60 13 43 5 61 25 85 53 88 87 75 42 81 50 98 21 10 31 55 5 98 69 45 62 21 86 17 67 9 21 70 57 73 1 64 60 36 28 29 90 12
double 44 preorder 7.55 3.39 5.56 0.13 7.77 2.64 2.97 4.3 3.27 2.47 8.8 7.97 2.96 8.63 5.14 1.31 4.91 2.18 5.34 9.18 5.71 3.95 2.34 0.91 1.33 4.54 3.36 5.2 8.22 1.78 5.88 7.28 8.71 4.8 8.41 8.21 8.81 3.85 1.42 1.47 1.87 6.28 1.88 5.38
double 44 inorder 5.26 4.71 0.04 4.93 1.78 6.63 0.24 0.22 6.08 6.19 2.17 8.86 7.24 5.04 5.08 8.96 8.05 1.25 5.62 8.29 3.79 9.67 7.85 9.28 5.69 3.29 6.68 6.35 1.55 2.88 9 5.68 2.08 8.02 4.16 9.89 6.77 2.05 1.39 2 7.92 8.64 9.7 3.25
double 45 inorder 6.82 5.1 5.62 3.24 2.09 1.66 7.09 6.94 3.17 8.2 2.22 9.66 1.02 4.8 1.7 7.38 2.53 5.56 1.85 4.75 8.95 0.93 6.27 4.13 1.69 7.32 7.78 8.21 8.02 5.8 0.15 6.98 0.76 2.15 8.27 1.3 9.07 4.77 9.44 4.32 5.98 7.97 0.71 0.71 2.8
bool 47 preorder 1 0 0 1 1 1 1 1 0 0 0 0 1 0 1 1 1 0 1 1 1 1 0 0 1 0 1 0 1 1 0 0 0 1 1 1 0 1 1 1 0 0 1 1 1 1 1
int 48 inorder 86 99 7 63 8 57 94 36 78 28 29 72 57 98 94 25 38 31 53 61 12 69 51 80 78 57 63 66 79 54 80 85 60 63 87 89 23 3 85 27 73 3 37 85 38 16 23 36
char 48 postorder t p k d l l f l b k k n d g f t k e b f a c q k f t i o j r p i b i f e b h t j a t k q s k j m
bool 50 preorder 1 0 1 0 0 1 0 1 1 0 0 1 0 1 1 1 1 1 1 1 1 0 1 0 1 0 0 0 0 1 0 0 0 1 1 0 1 0 0 1 1 1 1 0 0 1 1 0 1 1
char 50 inorder l i p m d f j f c e o m p l f e d c d d t p k g b n k i p a e m o d r m s o a l c q a s t r n g r g
int 52 postorder 53 2 39 16 59 19 94 49 37 11 95 5 40 86 99 21 6 67 18 60 96 34 22 23 48 83 84 42 29 51 32 32 9 91 51 16 39 49 16 19 86 73 25 27 14 85 13 47 59 99 31 48
int 52 preorder 70 57 48 99 71 24 23 20 62 74 11 83 87 53 61 47 12 55 70 70 81 32 1 3 99 8 70 3 32 19 25 44 68 3 35 79 62 95 47 76 2 67 36 1 48 53 52 32 26 8 84 62
bool 53 postorder 0 0 1 1 1 0 1 0 1 1 0 1 0 0 1 0 0 1 1 0 1 0 0 1 0 0 1 0 1 0 0 1 1 1 1 0 1 1 1 0 1 1 1 0 0 0 1 1 0 0 1 0 0
char 53 postorder r o a m h k p p g l d p k l g q a c d e p i g l j r h j k t n o b s k b l o q e o m n h h n e f g l k o a
char 54 postorder j c l a t j n h s k c j a h r c f k k s d a c a l t s i r r j d q f p b k t l s f n o r n o i i f a g j r a
int 56 preorder 59 1 43 9 48 53 86 49 34 28 1 42 92 72 10 94 64 62 21 74 10 22 76 88 26 68 97 45 93 17 6 68 32 87 70 34 71 64 96 57 14 50 95 94 91 79 11 13 15 5 85 59 13 24 98 58
double 57 preorder 9.68 3.87 2.33 6.69 7.61 1.21 2.36 8.06 8.63 7.26 1.85 2.43 9.6 0.92 5.57 8.55 7.35 5.17 7.93 7.82 3.59 7.81 7.5 7.12 1.53 2.4 1.89 3.12 3.17 2.16 8.66 6.44 4.32 6.96 5.92 3.21 3.98 1.31 2.17 8.87 4.82 6.36 9.5 5.42 7.22 0.83 3.41 5.06 9.98 5.01 9.11 2.14 2.7 4.86 2.56 3.97 7.94
double 57 inorder 6.34 9.01 0.94 0.73 5.84 1.65 8.04 4.2 7.47 3.91 6.32 1.75 2.79 9.11 1.05 3.97 7.27 7.16 7.88 4.44 6.21 1.01 0.99 6.97 1.21 5.73 0.08 9.63 5.03 1.5 3.57 1.14 7.76 4.79 4.69 9.76 2.59 1.56 4.02 1.08 2.26 8.99 1.08 0.75 9.81 7.47 0.73 7.39 9.05 9.93 5.03 7.7 4.6 1.19 0.14 0.98 1.3
char 58 inorder k k h h e h l g o l g t e e m e t h t j a g l t b j b l b r k k h t s c k q p h i l d i i t g k s h o m g k a o a j
double 60 preorder 2.12 6.98 9.85 0.37 9.1 8.84 5.7 6.81 9.69 6.27 3.57 2.32 4.57 6.63 8.88 7.8 6.36 2.48 8.46 8.73 0.26 0.18 9.17 6.96 4.51 0.81 2.79 9.87 7.12 1.8 6.79 7.95 6.26 8.31 4.38 1.47 6.69 1.86 7.99 6.76 8.85 5.37 4 4.94 2.38 6.44 4.56 8.52 8.64 9.27 6.68 0.36 4.92 9.19 5.84 1.99 5.82 1.87 1.85 5.06
bool 60 preorder 0 0 0 0 0 1 0 0 1 0 1 1 1 1 1 1 0 1 0 1 0 1 0 1 0 0 1 1 0 1 0 1 0 0 0 0 1 1 1 0 0 1 0 0 0 1 0 1 1 0 1 1 0 1 1 0 1 1 0 0
double 63 inorder 5.74 0.67 8.54 3.2 0.23 8.23 0.61 0.13 0.84 7.02 2.4 0.12 5.18 1.18 0.77 7.9 5.04 0.35 0.23 1.73 3.37 1.12 7.33 6.69 0.8 0.93 5.74 7.39 7.92 4.83 8.06 5.74 5.81 1.1 3.02 3.29 8.75 1.15 3.3 5.49 6.91 7.83 5.22 3.61 5.21 1.64 5.93 2.48 7.23 0.54 7.36 8.87 8.57 0.42 0.22 1.3 6.78 6.33 2.03 8.59 3.4 4.3 8.5
int 64 preorder 50 40 79 35 8 34 23 54 26 38 1 10 40 66 57 85 67 75 75 3 43 65 22 16 75 15 36 65 77 18 94 36 78 62 56 51 67 32 61 84 16 16 22 9 59 1 45 85 15 62 27 5 61 1 10 62 27 41 65 70 2 52 26 28
int 65 inorder 30 82 13 47 67 96 63 19 74 35 3 24 28 31 44 33 95 22 65 59 18 53 57 59 3 85 67 66 95 59 95 16 80 62 92 94 91 25 61 55 47 8 32 4 74 94 90 64 77 56 67 60 46 90 53 77 25 73 73 6 46 79 31 54 84
bool 66 preorder 0 0 0 1 0 0 0 0 1 0 0 0 1 1 0 0 1 0 0 0 1 0 0 0 1 0 0 1 1 0 1 1 0 0 0 1 1 1 1 0 1 0 1 0 1 0 0 0 0 0 0 0 0 1 0 1 0 1 0 0 1 0 0 1 0 0
bool 66 preorder 1 0 0 0 0 1 1 0 0 1 0 0 0 1 0 1 0 0 0 0 1 0 1 0 1 1 1 1 0 0 1 1 0 1 0 0 0 1 1 0 0 1 1 0 0 1 1 1 0 1 1 0 1 0 0 1 1 1 1 0 1 0 0 1 0 0
char 66 preorder o s a g h a d m k s m g e l g n i h j d h a t f f p l c c p n s q d b p f g k g l e r p o q e i s f q p m b d h j g a f o g f c p i
bool 67 inorder 1 0 1 0 0 0 0 1 1 0 0 1 0 1 0 1 1 1 1 0 0 0 0 1 0 0 1 1 0 0 1 0 1 1 0 1 0 1 1 1 1 0 1 0 1 1 0 1 1 1 0 1 0 1 1 0 1 0 1 1 0 0 0 1 0 0 1
double 68 inorder 7.27 3.79 7.79 2.53 0.04 0.17 8.19 0.64 3.01 1.34 1.44 9.94 8 4.68 1.22 9.66 4.65 7.69 9.4 7.25 5.68 5.6 0.5 9.89 5.38 7.01 4.98 5.07 6.92 6.54 7.23 4.13 4.36 0.28 8.16 2.62 1.93 4.02 2.05 4.68 6.83 6.85 6.48 2.87 7.41 4.87 0.88 6.53 9.66 9.45 5.13 1.75 6.47 9.66 9.58 4.46 3.02 5.9 1.45 3.87 2.79 1.17 7.63 9.25 0.24 2.66 0.78 8.5
char 69 preorder m b j f i e p p r b i p j h s c f r r k t k p g l r p a l q b r f g j r d j j k h p f m d s r a g r l g d b i n e j c d n r i a l m b c b
bool 72 preorder 1 0 1 0 0 1 0 1 1 0 1 0 0 0 0 0 0 1 0 0 0 1 0 0 1 1 1 1 0 0 1 0 1 0 1 0 1 1 0 1 0 0 1 1 0 0 1 0 1 0 0 1 0 0 1 0 1 1 0 0 1 1 1 1 0 1 0 1 1 1 1 1
char 72 inorder i f j k q l o m m m i j r a d r b l k r r d m m g a q r l e c a d r h d b r i d k p o d r c c k p e p c l b a c c r l s j e e m q r r c m d s n
char 72 inorder t s a f p d j f s h c b l j t r e i n e t j c n h n j i o t e j o t t l c n b i a f n q o e h o e e s i b h n c k t r o s p l g i m l a f m r d
bool 75 inorder 1 1 0 0 0 1 1 0 0 1 0 1 1 0 0 0 0 1 1 0 0 1 1 1 0 1 1 0 0 1 1 0 0 0 0 0 1 0 0 1 0 1 0 1 0 1 1 1 1 1 0 1 1 1 0 0 1 0 0 0 1 0 1 0 1 1 0 1 1 0 1 1 0 1 0
double 77 inorder 3.62 2.17 0.6 4.58 4.72 7.07 0.52 1.56 1.92 8.72 5.02 4.61 6.92 9.36 9.46 6.37 9.63 3.56 3.31 2.08 7.37 8.12 4.59 7.06 3.86 6.22 8.19 4.46 1.66 4.23 3.13 6.43 3.59 4.04 8.43 2.86 4.86 6.32 9.01 2.35 1.49 2.54 1 0.37 1.27 5.82 5.96 7.43 2.48 8.51 8.85 4.31 0.17 6.92 1.48 6.45 3.21 3.77 3.15 9.25 2.35 7.22 0.89 5.83 7.15 2.88 1.71 1.13 9.55 8.63 1.28 2.09 1.7 9.67 9.93 1.02 9.23
double 77 preorder 3.25 7.69 2.99 6.41 3.79 3.02 0.03 0.34 2.79 1.93 9.99 2.15 0.81 6.4 8.91 3.98 8.79 0.71 7.81 3.08 1.76 9.66 9.99 4.4 0.92 1.89 3.85 9.31 1.03 5.85 8.8 3.24 1.25 5.24 5.7 0.51 9.65 8.28 1.94 5.04 1.34 1.43 8.99 0.92 0.94 3.09 7.05 3.73 6.46 7.03 7.69 5.41 8.38 1.45 2.62 7.39 4.07 7.2 6.58 3.26 6.8 8.6 8.7 6.69 1.72 1.65 3.71 6.27 0.96 5.05 6.15 0.45 5.3 3.67 7.91 1.78 9.19
bool 78 postorder 1 0 1 0 0 1 1 0 1 1 1 1 0 1 1 0 0 1 0 1 1 1 0 1 0 0 1 0 0 1 1 1 1 0 1 0 0 0 1 0 1 1 0 0 1 0 0 1 0 0 1 0 0 0 1 1 1 0 0 1 0 1 1 0 0 0 0 0 1 1 1 1 1 1 1 1 1 0
double 78 preorder 5.58 3.78 6.68 1.7 5.72 1.6 2.26 8.73 0.97 7.86 7.32 3.74 5.51 3.77 4.86 5.33 1.48 9.38 3.65 8.15 2.96 8.91 4.12 1.04 5.5 8.78 0.69 3.99 7.21 9.4 3.33 5.57 7.2 9.12 0.6 7.3 0.57 6.1 3.52 3.41 3.9 7.52 3.79 2.72 2.93 1.14 2.39 1.33 5.94 6.91 2.76 7.97 2.29 8.71 9.67 3.39 7.26 5.72 5.78 0.09 5.83 4.91 1.68 6.02 0.11 3.26 2.72 4.11 5.26 1.99 9 8.69 9.75 6.82 0.32 6.94 2.97 6.38
bool 80 preorder 1 0 0 0 0 1 0 0 1 0 0 1 1 1 1 1 1 0 0 1 1 1 0 1 1 0 1 1 0 0 1 0 1 0 0 0 0 1 1 0 1 1 1 0 0 0 1 0 1 1 0 0 0 0 0 0 0 1 1 1 1 1 1 0 0 0 0 1 1 1 0 1 1 0 1 0 0 1 1 1
int 81 inorder 91 68 28 38 82 1 93 57 68 33 41 93 67 55 38 68 71 27 72 57 38 71 87 99 81 43 96 63 36 44 95 50 72 90 21 31 62 97 52 66 5 72 41 54 75 13 33 30 74 23 61 31 81 59 81 90 90 99 42 12 85 65 67 61 56 71 16 85 12 77 33 13 36 27 84 82 51 75 44 78 7
bool 82 postorder 0 0 1 1 0 0 0 1 1 1 0 1 0 1 0 0 0 1 1 0 0 0 0 0 1 0 0 0 0 1 0 0 1 0 0 0 1 0 0 0 0 0 1 0 0 0 0 1 0 1 0 0 0 1 1 0 1 0 0 1 0 0 1 0 0 1 1 0 1 1 0 0 0 1 1 1 1 0 1 0 1 0
double 83 inorder 1.36 0.92 4.16 3.42 7.25 6.43 3.74 1.52 1.61 0.11 7.86 0.9 1.08 1.58 1.32 2.73 0.74 5.32 1.83 8.69 1.66 8.44 2.44 9.56 5.62 3.02 1.98 7.73 6.49 3.77 3 4.55 7.62 8.15 4.98 6.62 0.2 7.01 4.35 4.83 8.3 4.22 2.6 8.22 6 0.31 4.86 2.16 6.85 9.85 8.72 0.44 5.93 7.55 1.59 0.64 2.07 1.97 5.53 1.24 4.18 1.34 0.75 7.88 1.08 4.13 3.59 7.57 2.62 7.37 2.84 4.8 6.44 9.74 2.51 3.68 9.92 0.11 2.85 7.97 0.23 3.01 7.82
double 84 preorder 2.48 7.57 1.01 1.6 8.09 3.73 1.73 6.63 6.76 6.63 7.35 8.25 5.08 8.51 8.33 6.22 2.76 4.54 4.51 5.2 3.78 0.65 3.16 2.57 0.65 0.97 8.84 0.27 4.45 9.8 1.61 2.52 7.16 1.26 2.5 8.08 6.82 1.39 7.03 3.89 1.57 4.33 7.85 8.84 1.42 7.68 6.48 1.18 0.52 9.88 4.33 3.09 5.77 0.93 7.55 3.78 3.57 6.14 1.34 1.88 9.57 8.16 4.92 4.07 3.01 5.7 1.79 2.95 8.56 7.71 6.46 8.54 2.09 9.04 3.77 4.92 8.74 0.98 9.61 0.02 0.94 5.44 1.33 9.13
bool 85 postorder 1 0 1 1 0 1 1 0 1 1 0 1 0 1 1 1 0 1 0 1 0 0 0 1 0 0 0 0 1 0 0 0 1 0 1 1 0 1 0 0 1 0 1 0 1 0 0 0 0 1 0 0 1 0 0 0 0 0 1 1 0 1 1 0 0 1 1 1 0 1 1 1 1 0 0 0 0 0 1 1 1 0 1 1 1
double 86 inorder 7.81 5.98 3.27 3.17 6.69 4.2 5.1 3.01 2.35 4.52 1.7 7.9 0.13 8.06 7.61 8.92 3.82 7.56 2.02 6.26 5.69 1.5 1.7 7.97 9.4 8.47 3.41 4.49 9.4 6 3.67 8.46 7.76 1.57 1.1 3.71 4.83 2.03 0.46 5.23 9.36 1.26 4.14 6.4 7.27 1.02 5.69 0.72 0.72 2.66 6.47 1.79 8.2 8.31 2.27 3.98 4.41 9.97 4.58 4.03 0.99 6.04 7.2 9.12 8.47 3.87 1.23 1.95 8.64 6.49 8.9 3.83 0.84 1.12 6.66 8.69 9.72 2.48 5.48 0.01 1.48 1.44 1.81 1.11 5.88 2.65
int 88 postorder 77 4 19 88 80 36 72 93 35 78 18 20 67 44 73 90 79 46 60 78 5 56 85 68 4 57 17 17 95 57 77 78 8 70 3 11 17 2 5 69 65 44 31 58 26 54 72 45 53 67 20 28 20 14 74 95 20 14 88 64 50 6 24 60 53 75 25 86 94 72 67 62 92 80 26 76 96 93 35 69 31 18 50 41 8 44 93 1
char 88 postorder a h s m d k f n k j i p n d t f p f n a j s s s o a o h f n s n n o j h j h n c l h b d m h s f e n o r l f k m q j h l m d q d p a s e l j s d i i t i f p d p h t q p c k e o
double 88 inorder 6.1 0.8 9.35 0.53 5.41 3.39 8.06 8 0.76 3.76 4.2 4.46 3.46 5.54 8.13 2.17 5.3 9.11 9.38 5.39 6.23 9.58 0.14 8.68 4.47 9.45 4.43 3.71 6.83 9.54 2.9 9.72 6.85 1.36 1.08 4.47 4.87 8.4 1.07 5.3 5.35 0.67 4.43 8.64 0.74 6.85 2.29 1.24 6.25 5.98 7.14 0.96 2.61 4.51 7.69 8.44 7.25 0.3 0.18 5.32 6.72 7.01 3.39 5.35 1.58 5.37 6.86 6.92 7.27 5.21 7.34 9.66 9.41 7.89 9.4 9.62 5.16 1.78 0.98 7.68 9.63 0.91 4.08 4.12 4.87 2.65 3.58 2.02
bool 90 preorder 1 0 1 1 0 1 0 1 0 1 0 0 1 1 0 1 0 0 0 0 1 1 0 0 0 0 1 0 0 1 1 0 0 1 1 0 1 1 1 0 1 1 1 1 0 1 0 1 0 0 0 1 1 0 1 0 1 1 0 1 1 0 0 0 0 0 0 0 0 0 1 1 0 1 1 0 0 0 0 1 0 0 1 1 0 1 1 1 0 0
double 90 inorder 9.79 5.94 4.71 4.88 9.3 2 9.18 2.93 5.27 3.02 8.61 9.56 4.82 0.16 1.15 6.23 5.67 5.35 3.58 9.03 2.96 5.4 9.01 2.04 8.89 4.44 9.27 2.64 7.37 3.71 7.89 6.11 7.02 7.93 8.79 6.33 9.78 6.46 4.09 1.86 1.81 0.8 2.57 9.34 8.37 8.54 5.25 0.13 5.48 8.7 0.03 6.22 2.68 5.13 6.16 9.43 2.89 5.13 0.46 9.57 2.9 8.16 3.52 1.24 6.68 6.49 7.37 6.24 5.99 2.15 4.23 8.71 0.53 9.67 2.84 5.53 2.23 6.66 7.6 9.12 8.93 5.19 1.89 6.67 9.94 3.93 4.98 4.8 0.61 6.08
char 91 preorder r r j f d e j o d q t t f c t r p a n k t q m n j m r d a b k o t e f h q p t s m s r t a r n n i q h j n d j j c a q g f h b m s e p i a j l l c i l e o e i o c e c c b l g i a c p
char 91 preorder c j a q j m e p h j s n q m i h a h q t g j c s i h b r f m c b g q i e n k r l g q f p d t m e e g n f j e j e d q i e l a s t g f t h k m f q s g g k o k q o l b e d h e r k r s b
double 92 inorder 1.99 9.78 9.93 2.78 6.93 4.05 0.75 0.41 7.49 8.67 9.55 6.65 3.79 0.23 7.84 8.04 7.68 4.04 1.96 5.83 6.46 0.44 3.45 8.94 4.88 9.46 8.97 2.34 4.64 5.68 9.33 2.24 6.48 4.66 3.61 3.66 1.42 3.68 4.57 3.23 4.71 3.34 1.41 8.68 1.6 8.89 8.67 7.92 2.66 1.06 3.98 2 9.11 4.11 6.92 7.21 2.93 5.2 0.47 5.05 2.61 0.11 9.76 0.29 4.86 5.66 9.96 2.38 3.32 1.45 8.84 1.2 0.44 5.32 7.87 8.61 6.84 5.26 3.38 4.13 9.84 0.16 9.85 7.15 9.3 2.36 3.98 0.31 7.28 7.82 6.35 3.52
char 92 inorder q k c p n j f h g h l j f e s c i h s q j o g a s p f h e b n a o t h j p m d b b e h t b j f s r d r k t o h c t c q o o k h o h m p p q f s e q k e c e i f k o i j b o l g m n t q c
bool 93 postorder 0 1 1 0 0 0 0 1 1 1 0 1 1 1 0 0 1 1 0 0 0 1 0 1 1 1 1 0 0 0 0 0 0 1 1 0 1 1 0 1 0 0 0 1 0 1 0 1 1 0 1 0 0 0 1 1 0 1 1 1 0 0 1 0 1 1 1 1 0 0 0 1 0 0 1 1 0 1 1 0 0 1 1 0 1 1 1 0 0 1 1 0 1
double 94 inorder 3.36 5.95 1.36 4.84 7.63 2.65 9.88 4.94 0.66 1.41 1.89 0.42 9.12 5.54 3.03 8.14 4.38 0.81 5.57 3.35 0.3 9.49 5.05 7.64 2.41 6.19 0.54 4.97 6.25 3.45 6.74 4.02 8.38 2.98 5.4 5.22 0.56 9.36 1.46 3.16 3.9 5.38 9.14 3.77 3.78 5.19 9.38 4.14 7.19 7.32 7.1 7.59 9.72 4.9 6.12 4.61 0.61 7.53 3.32 8.38 4 4.28 5.61 9.41 0.22 4.11 0.53 7.46 6.29 9.06 3.98 3.06 9.62 7.72 7.02 3.62 5.61 7.79 9.85 9.66 7.65 9.03 7.08 3.71 6.93 0.99 1.78 2.44 3.11 0.72 6.97 5.37 4.03 0.27
double 96 inorder 9.39 0.66 3.83 7.18 1.56 9.38 3.23 5.81 5.7 1.86 5.63 0.99 4.39 7.04 4.88 5.53 3.32 1.18 8.35 2.59 5.92 1.82 0.39 1.22 3.09 2.57 2.68 3.68 3.3 5.88 2.95 3.21 5.01 6.36 6.93 1.8 0.01 2.39 3.27 9.53 9.66 0.07 6.18 6.58 7.51 3 8.08 4.97 3.72 2.39 2.97 3.31 6.57 4.36 3.16 6.88 3.92 3.21 5.36 3.1 4.6 2.96 0.54 3.08 4.45 5.62 0.22 5.67 6.03 8.59 6.16 7.81 1.17 6.86 8.4 6.09 6.85 7.27 9 7.75 6.97 4.58 2.4 2.19 9.51 4.96 3.38 6.92 7.5 3.73 6.66 6.12 1 1.42 5.8 2.17
double 96 preorder 7.29 4.14 5.02 2.38 5.72 1.3 2.52 0.37 1.4 6.4 6.33 5.29 6.72 5.59 4 9.35 3.44 1.91 7.48 4.59 8.75 4.94 7.08 7.1 0.83 0.45 7.94 5.97 7.06 3.62 2.58 3.33 7.55 3.05 3.13 4.46 6.09 3.53 4.37 4.34 2.29 7.32 9.9 5.34 4.2 8.68 1.05 5.21 0.7 0.89 6.25 1.35 8.86 4.56 4.66 2.83 5.27 5.06 7.16 4.7 7.72 4.37 9.42 4.24 5.93 3.91 5.96 2.74 2.11 6.46 9.83 7.8 6.78 0.84 3.45 6.68 5.16 7.5 0.65 1.12 4.35 5.91 5.53 8.64 0.07 7.94 3.19 9.31 8.03 4.98 4.41 4.96 5.5 6.35 5.87 3.62
char 96 preorder t o p j s l a a j f l r g l b o k d p l t m c c c r t d n o r q d a r n s a d b i l t j l c t t f b i j i g s e o h p o t i k i j g g t h s o b h c t n g f q k s g g p c p i r o q l a t r d j
double 98 preorder 1 1.24 9.05 0.41 6.79 7.45 3.58 6.76 6.31 3.17 6.65 9.55 2.9 3.69 7.6 7.03 1.74 9.43 4.71 7.76 4.68 9.64 6.48 2.82 9.59 1.13 8.03 3.79 6.86 6.34 9.85 0.68 4.14 6.76 6.31 6.31 5.95 3.53 4.32 0.6 9.39 1.17 8.87 6.91 8.27 7.96 5.96 9.42 6.63 7.51 0.55 3.24 1.8 2.36 0.01 9.09 2.24 0.71 0.74 3.55 6.67 5.09 9.03 8.18 1.86 7.74 8.8 4.87 1.06 1.37 5.49 0.74 2.44 7.49 6.89 6.27 6.38 9.45 7.96 0.04 1.54 7.65 2.92 8.85 0.69 3.94 9.88 0.74 0.49 1 2.76 3.35 6.69 7.91 1.75 3.72 2.75 0.34
bool 99 preorder 0 0 0 1 0 0 1 1 0 1 0 1 1 0 0 0 1 1 1 1 0 0 0 1 1 1 0 0 0 0 0 0 1 0 1 1 1 1 0 0 1 1 0 1 0 0 0 0 1 0 1 0 0 1 1 1 0 0 1 0 1 0 1 0 0 1 1 1 0 0 0 1 0 0 0 0 0 1 0 0 1 1 0 0 1 0 0 0 1 1 1 0 0 1 1 1 0 1 1
bool 99 postorder 0 0 1 1 0 0 0 1 0 1 1 0 1 1 1 1 1 0 0 0 0 1 0 1 1 1 1 0 1 1 1 0 0 1 0 1 1 0 0 0 0 0 0 1 1 1 1 0 1 1 1 1 1 0 0 1 1 0 0 0 1 1 0 0 1 1 1 1 1 0 1 1 1 0 0 1 0 1 1 0 1 0 0 1 0 0 0 1 0 1 0 1 1 1 1 0 0 0 1
int 100 preorder 87 35 62 95 83 78 91 26 90 93 1 90 22 22 97 97 53 77 40 35 30 37 78 61 65 88 61 64 74 75 88 21 3 16 76 37 71 8 2 23 30 56 96 5 73 62 58 82 28 34 39 40 42 58 98 20 28 24 6 21 95 10 68 80 2 26 37 20 50 98 36 44 27 3 49 68 90 45 35 77 34 49 53 93 73 38 51 9 87 23 29 22 75 57 26 34 99 21 89 21
double 100 inorder 4.32 2.9 5.17 7.17 3.79 5.72 0.98 5.36 4.93 8.66 2.35 5.97 0.29 5.22 8.74 1.33 5.53 0.87 2.82 9.17 0.89 4.23 8.79 4.77 4.66 4.03 9.23 5.53 0.87 4.61 4.41 8.09 5.31 6.44 9.33 7.72 8.18 3.7 0.69 5.14 4.12 6.9 9.99 6.78 6.15 7.9 9.98 1.94 6.69 1.1 6.25 2.5 2.93 7.08 6.64 1.47 7.25 0.04 3.68 5.49 4.3 8.67 4.83 0.9 6.78 3.92 0.97 1.58 8.81 4.24 0.82 2.86 9.23 3.48 2.76 9.67 6.77 9.34 3.37 2.01 6.88 9.77 8.67 4.94 8.33 8.82 1.79 8.03 4.14 4.3 8.19 0.91 5.98 8.14 4.46 8.22 2.57 5.98 6.07 5.76
bool 102 inorder 1 0 0 0 1 1 1 0 1 0 1 0 0 1 1 1 0 0 1 0 1 0 1 1 1 0 1 1 0 0 0 1 0 1 0 0 0 1 1 1 1 0 1 1 0 1 1 1 1 1 1 0 0 1 0 0 1 0 1 1 1 0 0 1 0 1 1 1 1 1 0 0 0 0 0 1 1 1 0 1 1 0 1 1 0 1 0 0 1 1 0 1 0 1 0 1 1 1 1 1 0 0
int 102 inorder 61 33 7 6 20 89 58 69 60 55 81 26 13 2 59 45 6 91 66 83 7 15 3 99 26 73 18 83 49 81 40 1 79 55 74 90 39 91 36 32 22 97 63 80 87 59 44 48 25 19 71 23 58 46 23 22 30 56 1 60 12 50 52 5 4 84 8 91 52 65 71 85 81 13 34 6 27 41 50 84 66 92 54 65 42 68 69 71 39 48 94 38 49 47 64 95 51 1 31 25 74 51
char 103 postorder s j h b t s j r c l o c e q q t e p b a b a o p r e n d b k k d j g f s j s g e o l a l g c h h g o q a k g q s k n t g p r f f c q o c g j b o g g s i m h h r a g j c p p l q l r o d c o o m n l j t j a n
bool 103 postorder 0 1 0 0 1 1 0 0 1 0 0 1 0 0 1 1 1 1 0 1 1 0 1 1 0 1 0 0 0 0 0 0 0 0 0 0 1 0 1 1 1 1 1 0 0 1 0 1 0 0 0 1 1 1 1 0 0 0 1 1 0 0 1 1 0 1 1 1 1 1 0 1 1 1 1 1 1 1 0 0 0 1 0 1 0 1 1 1 1 1 1 0 0 1 1 1 1 1 1 0 0 1 1
double 103 inorder 9.09 6.03 2.93 2.83 8.84 7.76 9.05 1.91 4.19 0.94 5.31 2.3 8.95 2.24 6.49 8.88 0.63 4.88 8.32 1.42 8.6 1.66 2.37 4.6 4.87 4.22 5.39 0.53 9.59 8.05 4.84 6.61 9.39 5.22 7.58 7.31 0.47 5.87 1.93 0.81 9.9 2.32 3.41 7.02 3.74 7.93 0.88 0.37 9.23 5.38 3.67 4.88 6.51 7.13 4.34 6.5 5.38 5.28 5.57 1.55 5.93 0.24 8.55 4.18 0.64 4.91 9.48 1.91 1.7 6.47 1.6 7.4 7.81 6.68 9.08 1.9 8.99 8.39 1.68 0.03 4.44 4.7 8.17 7.29 3.89 6.82 8.04 9.68 5.26 6.05 7.83 3.88 5.24 2.4 4.18 0.43 7.47 1.96 7.61 1.32 6.91 9.97 3.08
char 104 postorder p g t c n d i g e k k c i s k c t n b f f f p t g p e j s t h r r q r t k p g o o h a a c s m h s h a t p b q p h e h b o r c f g l q r h r g d c h f s f q l a s h t q t s r j a i s p p m b l b q s c d l a l
double 104 preorder 7.32 6.7 2.51 8.25 8.34 4.62 9.69 4.07 2.9 9.91 1.37 9.88 2.94 4.52 3.8 5.67 7.05 5.7 4.23 1.36 3.31 8.67 7.28 0.3 2.42 7.26 1.43 1.19 0.09 1.95 9.34 3.32 2.83 3.28 6.2 5.82 2.33 9.27 4.53 0.53 7.8 3.72 8.54 3.88 1.5 0.82 6.25 7.2 5.25 6.18 1.29 8.6 8.3 2.12 3.98 1.21 5.3 8.92 7.55 3.07 6.53 6.96 9.16 7.86 9.03 3.28 0.46 3.8 2.71 6.55 9.23 6.19 3.84 9.82 3.82 6.72 9.55 8.99 1.48 6.29 4.81 7.39 8.47 7.03 1.35 2.51 7.32 3.33 9.58 9.39 4.88 5.19 4.11 3.6 7.44 6.47 9.73 8.57 3.7 1.81 3.08 9.12 9.28 6.09
int 104 inorder 62 27 60 29 83 28 62 71 69 25 10 98 55 83 7 87 51 85 32 90 94 7 25 41 61 56 58 68 29 22 51 7 90 66 82 77 75 31 34 4 29 42 89 32 59 5 56 58 24 93 81 27 4 14 33 56 85 49 19 32 88 33 48 63 27 50 13 12 10 4 24 16 44 97 59 42 81 60 95 43 52 63 16 34 41 54 28 78 11 90 5 7 78 76 77 70 50 77 1 46 86 71 5 53
double 104 postorder 6.3 1.65 0.66 1.22 9.27 4.09 6.52 8.06 5.51 1.82 8.72 3.88 4.74 9.3 3.27 7.51 8.21 1.97 1.54 1.23 7.95 4.19 4.6 6.43 3.9 9.24 3.28 0.81 0.91 1.67 0.55 2.85 3.69 9.9 6.86 6.53 2.37 3.66 4.49 9.02 6.74 4.54 6.59 7.41 7.17 9.81 9.62 5.56 8.38 2.1 1.72 1.59 4.87 0.99 0.97 6.01 7.88 8.53 2.39 0.81 5.24 8.18 3.17 4 4.51 1.13 3.96 4.57 2.49 4.55 1.73 6.54 4.85 3.82 5.15 2.06 8.89 7.2 6.53 0.7 5.75 7.47 7.57 8.2 1.93 4.22 7.94 8.47 6.11 1.61 3.06 9.67 1.48 1.61 5.88 0.74 4.75 1.88 9.1 5.09 6.25 6.39 7.84 9.2
int 106 postorder 27 86 31 89 27 18 80 56 66 33 87 21 44 65 71 62 89 11 91 9 30 71 77 34 62 56 9 17 57 21 47 39 63 77 49 48 11 96 94 72 60 86 86 5 85 99 78 85 85 13 60 12 75 98 65 25 92 73 18 11 5 89 66 74 9 57 71 96 55 69 29 43 99 53 40 4 30 85 84 56 18 11 68 3 60 59 29 46 61 26 67 37 36 90 86 71 38 99 62 51 43 69 83 27 10 69
char 106 postorder i e o d b s b e g k d f t l l m o n c o j s k o a j i o q i o g r l r p m a f b f q l t h n b e k d n t r o h q q d i e k m h r g d i t e n m g b e r q b t s p e f i m o m c i r o i t a c d l o t n b f l f n q p
double 107 inorder 6.86 6.5 1.7 0.68 6.47 2.06 8.55 5.2 2.11 9.26 0.1 0.52 6.49 1.63 0.1 9.89 3.65 5.57 1.73 1.33 9.69 3.9 3.5 2.42 8.77 7.49 4.66 7.24 3.42 7.97 3.72 3.02 0.35 4.58 2.75 1.55 3.57 8.01 9.81 8.04 0.27 3.06 0.47 9.96 2.15 5.21 6.48 4.7 9.63 8.81 3.55 8.61 2.75 0.64 8.46 5.36 9.11 8.82 2.46 2.27 5.07 8.39 7.32 2.26 5.29 9.5 2.45 3.17 1.91 3.9 0.07 9.39 6.04 7.64 0.58 2.92 2.88 5.7 3.05 7.92 2.83 6.2 7.6 6.86 8.64 7.29 0.86 5.6 7.04 5.47 3.74 6.17 5.6 7.04 3.69 1.07 1.38 9.23 9.77 0.24 1.6 5.65 3.62 2.84 3.9 4.27 6.51
char 108 postorder d l p d n o s r q t g h b s q i f d s b r e q e j i h f r j q g d l c q l c c n m s i j s h l n t h h n n a c h i m t s g n q q s i h n a g j n c i k l k h a b l g r b s p b f l m b b o a h a f g e g c s n g b o k g
double 109 preorder 1.48 4.36 7.36 1.05 3.72 9.37 5.81 1.71 3.62 7.58 5.33 0.52 7.13 7.86 8.59 9.18 4.2 8.33 5.26 4.39 0.19 4.08 2.77 5.42 4.32 1.41 4.77 1.53 1.5 6.33 8.46 5.02 8.13 0.69 6.54 1.45 7.02 4.3 5.21 2 9.9 2.31 5.87 5.85 2.72 3.17 8.69 1.09 2.83 8.61 4.46 5.5 3.05 0.1 1.62 8.44 8.74 8.95 0.07 1.87 3.58 6.27 0.17 2.51 5.05 9.31 5.12 7.42 7.27 6.58 1.17 7.92 1.92 4.19 6.12 5.97 7.81 4.59 0.29 1.36 1.19 0.09 4.51 7.36 0.45 0.49 3.59 9.09 6.92 3.58 1.89 1.7 0.04 7.48 2.29 1.17 8.11 3.29 9.45 8.36 9.65 8.41 0.48 3.69 0.6 8.62 0.91 7.41 3.93
