11 19 13 10 20 1 3 6 15 1 18 3
13 16 14 15 15 16 13 14 1 11 8 1 13 5
13 16 17 1 14 10 3 12 17 8 5 14 20 5
15 8 12 15 17 18 10 2 8 5 10 18 19 5 10 20
18 8 6 16 6 6 5 17 6 18 9 16 11 11 8 2 20 4 19
20 8 11 6 7 8 17 6 20 12 12 2 19 14 19 5 13 10 11 5 19
20 16 2 3 17 1 10 5 7 2 4 16 20 16 14 8 15 20 19 11 12
21 5 3 18 14 18 17 15 2 10 6 4 17 6 7 10 11 17 11 7 16 20
21 3 15 11 11 13 16 1 3 13 18 18 15 14 15 18 18 8 18 9 18 14
22 19 10 17 4 19 11 18 12 4 3 17 4 17 20 20 8 9 10 7 10 10 7
23 3 3 7 8 8 18 9 20 1 11 10 9 3 6 17 3 3 13 1 10 10 13 5
24 3 13 14 1 17 13 17 7 1 20 20 19 1 3 17 19 5 20 17 14 1 2 5 18
25 1 8 4 16 20 2 13 1 8 18 12 5 15 4 1 9 1 12 20 9 18 18 10 13 5
25 3 11 3 4 12 16 17 17 4 20 2 14 9 18 7 12 9 12 16 11 10 13 3 9 4
26 1 11 2 6 5 3 12 19 17 12 4 15 19 18 9 10 13 13 18 10 17 15 9 19 8 6
27 2 3 3 16 3 16 8 5 7 9 9 13 17 4 20 15 14 6 19 13 11 3 7 10 3 10 1
27 11 12 16 16 14 9 14 3 9 16 19 5 2 13 11 10 8 9 20 17 9 13 2 20 8 13 17
28 11 9 5 13 14 8 6 3 13 11 4 7 5 18 5 11 12 11 18 5 4 11 20 20 14 8 18 4
30 15 10 6 2 3 19 18 15 8 18 3 13 10 11 17 6 15 13 6 5 14 1 18 6 9 4 19 1 3 11
32 3 19 15 12 6 11 11 20 2 12 4 15 1 4 1 12 5 20 5 15 7 14 1 8 2 8 4 2 4 8 19 7
32 11 5 1 6 3 8 2 15 18 3 7 9 8 20 10 5 15 18 4 12 16 1 7 19 16 8 10 1 9 10 14 19
32 1 13 14 10 1 3 17 5 4 18 19 2 5 3 9 7 3 15 2 6 12 18 15 12 10 6 16 1 9 8 15 19
33 10 18 8 20 16 7 20 16 2 4 14 6 3 16 1 10 8 12 7 19 18 8 3 6 7 10 20 7 20 10 2 17 13
33 14 12 13 17 7 8 6 4 11 11 16 19 6 7 20 12 9 6 18 10 20 17 2 13 9 19 7 3 19 14 9 5 4
34 5 14 4 16 8 2 1 4 7 8 13 19 4 17 7 4 8 8 5 5 10 3 2 2 5 2 1 15 16 16 2 11 3 15
35 8 15 16 6 18 13 11 10 20 8 17 7 19 11 6 3 19 9 5 2 11 10 9 2 16 4 19 20 20 20 16 17 11 3 9
35 13 16 19 3 7 6 16 15 12 18 7 10 1 15 13 3 1 9 10 3 10 11 1 6 13 10 7 18 5 4 8 6 7 13 4
35 12 6 20 16 18 1 17 18 3 14 17 7 8 14 4 12 3 11 9 8 18 10 1 2 6 17 9 6 18 13 18 7 4 13 12
36 20 1 7 19 19 18 11 15 14 10 10 2 1 12 15 9 10 6 6 15 7 10 12 15 13 12 14 1 20 7 13 11 8 11 15 13
38 14 19 20 9 17 14 7 17 3 18 9 20 5 3 4 11 18 13 8 12 11 5 16 14 15 10 16 1 2 4 10 14 5 11 10 2 12 10
38 2 7 6 9 9 20 14 6 8 17 4 13 1 16 12 20 8 12 6 20 2 16 13 4 18 18 9 5 6 4 8 5 1 5 3 1 7 1
38 17 11 14 14 3 16 4 10 5 16 12 10 7 7 4 15 20 17 16 4 15 4 12 18 3 15 14 8 12 11 11 5 6 2 17 6 11 11
39 17 6 4 2 14 18 3 9 1 5 9 13 4 8 11 3 18 16 5 16 4 3 17 16 7 13 7 5 15 7 1 4 18 4 12 19 6 8 8
39 10 5 4 8 20 3 14 6 20 17 10 13 14 7 11 13 2 12 13 2 9 4 17 2 9 1 9 10 7 4 19 11 10 1 14 13 6 2 14
40 9 3 18 8 17 2 18 20 2 17 17 8 2 18 11 15 10 15 14 20 15 6 15 14 17 11 16 13 18 8 19 7 16 7 1 13 13 4 6 18
40 17 6 4 13 7 10 5 1 2 13 17 14 16 11 6 13 5 5 12 5 17 4 12 4 6 8 13 18 7 2 7 17 6 3 5 17 18 10 2 20
41 20 13 12 14 17 20 9 7 10 9 7 10 1 8 5 10 3 15 1 18 11 3 13 5 5 13 3 19 7 14 2 15 12 9 7 17 1 13 6 16 6
41 1 16 6 19 7 13 13 15 13 1 19 17 6 13 20 13 18 5 8 14 4 1 13 12 18 13 6 5 16 6 18 14 6 10 11 7 19 19 15 20 1
41 13 17 1 17 18 9 16 1 14 4 17 17 9 2 19 13 20 18 18 18 2 3 5 5 2 20 18 19 5 11 2 7 14 7 13 19 11 20 1 9 14
41 13 18 15 20 16 5 18 20 5 9 1 17 1 18 14 11 13 12 4 14 20 18 5 8 15 6 3 10 2 17 13 15 14 7 20 11 2 2 14 6 5
42 16 20 7 9 12 13 13 12 13 1 8 16 7 8 1 1 13 19 9 3 15 5 17 17 4 1 17 8 10 3 7 18 20 9 20 12 6 20 12 18 10 3
42 17 13 13 19 9 6 2 6 17 14 15 7 6 3 6 13 6 6 3 9 6 13 8 16 17 20 5 9 12 5 12 11 19 16 14 15 5 16 10 18 4 15
43 3 14 10 16 7 17 14 15 9 18 17 16 1 14 7 8 16 11 16 3 13 15 13 4 1 7 5 6 13 12 16 13 17 2 1 19 20 20 15 19 2 10 19
44 17 2 14 9 13 19 13 17 16 12 20 14 13 6 12 9 5 7 17 5 2 8 14 10 11 3 16 20 13 17 14 7 6 20 11 13 9 13 10 10 19 12 14 3
47 2 6 16 9 20 2 7 7 10 8 6 13 8 17 2 2 12 1 5 8 9 17 11 5 6 20 18 19 6 15 3 8 4 10 13 10 4 16 11 4 13 13 20 18 18 7 7
48 10 15 16 12 10 14 13 14 6 8 3 19 17 1 7 9 18 18 18 15 2 9 19 19 9 16 8 4 12 16 6 9 1 3 3 19 14 4 13 19 18 9 16 14 14 9 14 18
48 7 17 5 10 9 10 20 6 11 14 12 10 8 8 4 3 20 8 11 7 5 14 15 12 18 20 5 5 20 15 12 4 12 17 19 16 4 10 16 15 13 16 3 13 3 9 4 15
49 10 1 7 20 4 15 5 5 9 11 15 4 8 14 1 6 20 15 14 13 16 6 4 15 8 2 20 3 20 16 1 13 6 16 5 1 3 1 11 4 1 17 11 18 19 11 20 13 15
49 10 11 4 4 7 14 17 18 20 18 13 8 10 2 12 7 16 6 17 2 10 5 10 17 20 9 11 10 10 19 6 3 17 6 16 18 4 17 20 18 15 15 5 13 18 5 10 7 17
51 7 18 9 2 10 8 2 4 14 6 11 1 5 9 16 10 13 17 12 11 13 12 17 6 18 18 5 10 7 20 12 17 9 11 10 19 14 20 10 18 9 9 19 19 18 9 12 2 1 9 19
52 18 9 8 20 15 18 9 10 17 12 5 4 5 4 9 17 19 8 4 17 10 14 3 10 16 9 3 9 15 1 14 12 15 1 9 11 4 10 1 16 11 4 17 14 9 4 13 3 14 9 19 18
53 10 20 15 8 12 14 19 12 13 5 9 6 5 12 20 20 6 15 4 8 16 4 16 7 12 16 1 18 6 4 19 13 14 19 5 6 8 3 4 9 5 9 3 9 3 1 19 10 7 17 14 1 8
54 15 5 11 15 17 13 6 18 10 5 8 15 4 13 5 9 3 19 4 6 14 14 15 12 9 14 13 8 11 14 6 2 10 7 13 9 9 12 13 1 10 13 8 10 20 5 9 18 20 7 5 7 12 1
54 6 16 14 3 13 7 5 9 18 1 12 19 18 11 11 9 20 14 5 14 20 15 15 16 1 3 7 15 18 6 4 12 17 2 17 12 4 19 6 18 8 2 5 2 9 5 8 16 20 6 3 19 13 1
55 20 20 18 2 9 3 1 1 12 7 1 8 13 10 16 17 20 7 11 3 18 12 8 1 9 5 6 1 1 17 1 5 20 7 7 17 11 17 3 15 14 13 18 10 5 17 16 2 12 18 19 4 7 6 1
55 2 2 8 12 18 7 17 4 15 5 15 2 12 8 11 2 18 6 19 16 3 6 14 10 14 2 7 18 12 16 13 12 17 2 13 14 14 1 2 18 11 2 6 2 18 8 5 16 6 16 9 12 17 6 8
55 7 12 14 9 1 12 18 7 8 14 5 9 18 17 2 15 14 4 3 20 4 20 9 13 19 18 9 19 7 15 3 10 10 16 11 8 13 5 5 9 8 8 17 11 2 2 14 8 11 1 14 12 7 1 8
56 7 4 15 19 20 15 19 14 8 5 17 20 13 16 12 11 16 6 16 2 20 10 14 16 10 11 1 6 18 4 5 6 15 16 7 8 20 7 2 9 3 1 19 1 2 9 1 10 4 6 16 2 13 16 8 11
56 19 16 6 18 11 9 7 3 11 2 11 12 20 10 17 10 18 7 7 3 1 4 12 4 6 1 18 15 8 15 3 3 10 15 7 5 12 6 2 11 14 5 12 7 9 10 20 1 9 17 6 7 18 9 4 17
58 3 5 4 15 12 12 6 3 10 6 19 17 15 12 18 5 13 8 11 9 19 13 15 18 1 10 8 2 3 14 1 13 3 1 19 4 20 11 17 1 2 9 19 4 12 3 8 14 11 7 4 10 4 1 8 15 13 12
60 10 3 7 11 4 1 9 16 1 9 10 8 8 16 8 14 15 16 20 7 20 3 10 7 10 7 16 18 10 8 13 11 9 7 17 18 19 20 17 19 10 13 7 14 9 1 6 6 5 18 14 7 11 14 6 3 18 4 4 19
60 12 17 2 20 17 12 6 15 8 15 9 6 3 20 14 3 6 10 19 8 2 1 9 3 2 20 15 13 4 9 6 7 14 18 18 5 12 13 8 15 18 15 2 14 4 10 9 10 3 3 11 7 12 13 5 13 19 19 2 1
61 8 17 12 12 20 3 19 13 16 10 5 10 8 1 4 1 1 3 9 12 13 4 7 2 12 2 10 18 10 15 9 1 5 15 19 1 4 9 12 11 5 10 5 16 15 17 2 11 6 13 7 4 14 1 19 18 3 15 6 12 15
61 8 19 8 4 11 14 3 4 7 13 16 17 16 9 17 1 1 17 18 3 7 20 6 20 5 14 14 11 15 6 7 16 3 12 17 19 9 13 18 13 4 18 18 15 20 2 14 3 2 2 17 6 7 14 4 8 15 1 10 7 16
64 9 16 6 1 16 16 12 17 9 14 10 6 5 16 6 12 7 11 3 15 17 2 17 13 9 6 5 10 19 9 10 20 11 13 2 15 9 15 19 16 5 2 13 17 20 6 4 6 13 5 4 2 19 3 15 3 15 3 16 19 7 16 4 11
66 19 13 12 11 9 8 8 17 7 7 9 5 5 19 14 13 20 17 16 13 8 14 9 16 1 15 16 17 9 11 4 8 6 19 7 2 9 15 7 13 1 5 18 3 19 8 11 18 13 9 18 10 1 2 17 16 13 13 15 3 12 11 4 14 12 15
67 7 15 18 8 13 3 11 18 17 7 1 6 6 7 17 16 14 14 9 19 6 7 6 15 15 5 20 8 2 13 6 9 19 2 17 8 14 11 12 7 18 16 15 16 3 16 12 11 10 6 11 20 6 12 14 9 20 14 3 2 9 18 19 5 16 19 20
69 7 19 3 20 13 6 10 1 2 9 8 13 6 20 3 11 11 9 16 10 12 2 9 2 1 7 13 11 14 9 10 2 16 13 20 7 7 2 20 14 9 1 14 17 19 18 13 11 12 9 12 5 10 9 11 18 3 12 2 19 3 1 7 4 7 2 17 20 18
70 13 15 3 1 4 13 11 9 13 7 3 14 7 9 7 12 11 2 3 7 1 2 8 9 14 15 1 4 13 9 6 12 11 11 3 18 2 9 10 10 4 4 14 19 14 5 5 16 10 15 19 17 4 19 10 16 1 15 20 10 7 7 11 5 4 2 3 4 4 18
73 15 19 14 9 3 9 3 18 4 7 9 6 3 1 11 18 12 8 8 8 7 9 7 11 4 7 10 19 11 14 14 12 14 19 14 16 4 8 17 11 5 6 18 3 1 19 4 10 19 16 6 15 16 19 20 13 17 19 2 10 10 2 15 8 7 10 14 14 17 4 15 6 11
73 13 9 9 19 13 4 4 16 9 12 4 7 7 16 8 5 11 2 20 3 15 8 10 5 4 3 16 3 1 6 6 5 1 14 12 16 2 8 14 9 7 17 5 6 6 15 17 20 11 5 5 16 15 7 8 17 17 10 19 11 10 6 7 13 16 9 6 16 13 16 11 20 10
74 10 18 3 4 12 10 19 12 5 15 12 19 1 2 17 10 10 14 12 3 12 14 6 12 9 10 19 18 3 4 16 16 20 16 10 5 6 3 3 14 12 4 16 15 8 7 9 19 6 1 11 8 13 13 13 7 6 6 13 14 6 14 15 12 20 9 18 6 1 6 3 1 20 20
75 10 5 1 3 11 2 14 9 4 12 15 5 16 11 9 20 3 11 9 6 1 9 6 15 2 12 8 14 6 8 13 17 4 8 6 6 2 12 3 9 13 3 11 20 5 16 5 18 13 6 11 6 20 17 3 10 9 18 6 15 16 14 7 3 9 9 8 18 17 7 5 7 10 19 9
75 18 1 17 8 9 1 13 19 2 7 8 2 2 20 8 14 12 6 3 8 13 17 20 6 12 12 5 3 5 11 5 7 14 4 18 14 20 4 4 10 5 9 1 19 14 1 6 8 19 4 13 3 2 20 5 12 14 5 10 9 9 14 2 9 1 8 1 20 14 4 7 9 17 8 16
76 9 18 15 3 12 15 15 18 6 6 15 8 1 3 2 12 12 8 1 4 3 17 5 17 9 1 16 11 6 9 17 5 6 10 4 13 6 8 1 15 18 17 1 11 4 16 14 14 3 16 1 11 17 6 1 19 3 1 2 14 19 20 18 9 15 9 11 18 12 16 12 9 10 5 20 12
78 14 3 5 13 5 12 17 19 7 10 5 8 16 10 18 4 17 10 9 2 10 17 14 4 18 10 8 19 10 5 2 19 15 13 16 4 17 1 17 6 7 4 1 3 17 8 8 18 1 4 2 6 9 15 15 6 13 10 15 3 7 11 14 20 13 3 9 1 15 5 19 9 3 7 8 8 5 17
82 20 11 7 11 5 13 19 15 10 1 6 12 9 8 15 10 5 10 3 13 1 12 19 16 7 14 12 12 10 1 12 11 18 14 16 8 17 1 12 15 4 4 17 1 17 4 8 2 6 15 11 17 13 6 10 9 2 8 9 15 18 18 2 11 10 20 7 5 17 3 12 20 5 4 7 10 2 10 3 14 20 6
82 3 13 11 9 20 8 7 6 3 10 1 8 1 16 10 14 19 4 12 4 14 10 8 20 1 17 20 16 15 16 2 3 8 1 12 5 3 8 13 2 16 12 8 16 8 11 18 13 6 6 15 7 10 3 14 19 16 2 16 6 1 10 5 19 17 5 4 18 8 12 11 3 4 20 1 18 13 6 10 6 5 1
86 13 18 2 12 19 8 16 3 7 2 11 11 4 15 15 9 3 9 3 2 8 16 15 6 14 9 3 6 11 20 10 18 1 10 19 2 12 5 19 13 4 8 4 9 10 7 16 10 17 10 18 10 8 11 3 15 1 7 8 20 14 12 3 2 16 3 17 19 10 19 10 14 8 20 10 1 8 7 10 13 13 20 14 18 5 6
87 16 14 2 2 5 18 16 11 20 14 16 19 11 11 1 3 6 14 17 1 9 4 7 8 4 12 1 20 14 3 11 18 2 5 20 1 11 14 1 20 12 13 18 2 7 7 16 6 17 9 7 2 6 10 11 7 11 3 4 2 6 8 16 11 14 15 14 3 16 6 18 1 16 14 15 3 17 7 4 16 12 14 15 9 13 4 14
88 2 7 2 2 3 3 15 2 5 5 4 7 15 2 16 19 19 13 9 10 14 7 4 12 10 11 7 14 18 6 17 6 4 11 15 8 8 19 7 15 5 12 14 3 4 13 12 12 16 12 8 8 16 5 5 12 12 5 8 19 17 5 13 10 5 14 1 17 5 11 19 12 10 16 17 10 12 11 4 15 14 10 13 8 6 13 18 1
89 18 2 18 9 14 18 13 1 4 18 20 1 19 1 9 6 12 5 7 14 2 10 12 15 1 2 1 19 12 1 11 4 11 4 14 10 9 12 14 12 17 1 13 3 5 16 20 10 13 5 8 1 14 18 3 18 6 20 10 16 18 13 2 6 2 14 5 17 5 14 18 19 6 19 4 13 9 13 15 13 1 3 15 9 8 6 1 18 9
89 20 10 5 5 16 2 13 5 4 10 19 4 6 5 9 13 13 4 15 9 15 15 8 19 19 20 5 1 3 4 1 2 19 5 9 1 16 6 8 3 2 8 11 2 9 9 3 11 18 14 17 2 4 4 5 2 19 20 10 18 18 1 17 13 10 16 18 17 20 4 13 3 15 12 13 6 11 8 17 8 10 9 16 4 14 9 12 13 15
89 15 13 8 4 5 11 1 2 13 19 1 20 15 6 5 9 9 14 1 1 4 5 17 12 14 7 19 6 17 6 15 15 6 17 12 11 2 3 17 6 17 4 14 19 7 18 13 14 13 5 9 12 7 14 11 8 13 12 9 13 20 16 7 2 3 8 15 6 12 13 15 7 14 11 8 3 1 8 14 20 8 12 9 10 9 7 19 20 17
92 16 13 11 5 13 5 5 12 19 5 6 14 10 13 1 1 5 18 16 7 7 18 3 12 17 6 9 19 13 1 5 5 7 5 18 5 12 6 8 2 18 10 13 2 3 11 10 12 3 4 7 11 12 7 18 2 6 1 8 8 12 2 6 19 3 4 1 10 19 9 15 1 16 4 15 5 7 16 2 8 17 16 19 17 9 12 3 18 11 13 17 1
94 6 3 10 5 11 20 17 5 8 10 10 16 17 8 20 9 20 19 5 10 18 4 9 4 16 8 14 4 5 13 16 16 1 10 18 18 19 2 14 1 9 14 12 1 6 2 9 18 10 13 1 17 13 3 8 6 20 18 16 7 11 11 19 1 20 6 17 1 17 9 19 2 14 15 2 16 19 19 12 18 6 19 20 8 17 1 17 19 6 14 15 3 18 15
94 18 8 18 3 10 18 2 8 12 20 4 16 5 11 20 7 7 17 17 13 11 12 19 5 6 7 16 20 14 20 18 13 7 13 4 1 2 19 3 4 6 8 16 10 6 19 14 8 12 1 9 8 16 3 20 20 16 17 7 18 19 18 17 17 8 11 4 12 19 20 4 19 10 4 18 3 18 5 7 17 9 16 9 8 8 10 12 18 5 8 12 8 17 6
94 11 17 6 11 16 4 14 7 16 5 11 17 10 4 17 3 19 19 15 13 15 19 13 18 4 1 18 20 19 17 11 18 5 16 6 6 1 3 1 14 8 10 19 4 1 6 8 17 12 3 16 3 17 17 8 16 1 11 8 20 5 15 4 7 2 9 6 3 9 18 17 16 12 18 5 4 1 9 13 7 5 16 4 10 12 9 5 9 19 18 1 8 2 18
95 11 15 7 8 20 20 18 14 3 16 9 15 7 3 3 20 6 15 12 11 8 15 10 3 12 20 14 10 3 15 4 10 9 20 11 20 14 9 16 12 17 4 18 4 16 14 20 6 11 14 12 2 18 2 16 5 17 2 5 16 5 6 9 15 3 5 6 19 17 14 4 3 9 1 4 11 6 6 9 12 11 1 14 13 6 19 9 15 11 12 14 13 12 4 8
98 1 9 17 5 18 20 3 17 9 11 18 12 7 4 11 14 8 12 13 5 9 17 9 12 16 16 7 1 9 10 17 3 15 16 15 5 10 15 13 13 17 12 7 10 20 18 12 15 10 7 14 1 11 4 1 16 13 4 14 5 1 13 10 18 20 11 8 18 6 1 7 16 18 16 15 1 7 2 18 18 2 10 9 10 3 8 1 14 11 9 14 16 4 12 14 12 13 1
98 6 7 1 9 9 6 15 7 2 6 11 7 6 15 1 4 11 4 12 19 14 1 1 14 2 8 13 13 10 16 5 4 15 11 20 11 14 2 13 18 18 4 1 7 6 17 9 8 4 8 13 14 19 9 1 9 2 3 18 14 12 18 5 12 11 18 19 12 9 20 17 8 7 15 11 13 3 9 16 13 2 16 18 2 18 7 5 9 5 20 2 7 13 1 1 17 11 17
99 15 3 15 1 14 19 15 13 11 19 3 15 5 16 19 4 4 13 1 5 16 13 1 12 7 8 9 12 14 9 1 20 18 12 13 18 2 16 3 5 6 20 13 17 9 9 6 10 10 15 6 19 3 13 7 13 17 13 18 12 4 17 14 3 6 11 10 13 1 20 10 20 14 9 13 9 17 20 18 16 7 17 15 8 17 2 6 2 15 6 11 20 3 2 19 2 13 11 3
100 10 20 19 2 5 1 4 11 12 1 3 18 2 1 3 18 16 10 16 10 3 13 20 12 3 19 8 17 9 8 18 16 8 15 11 9 8 15 9 19 13 12 9 15 3 12 2 13 19 17 10 16 8 17 4 3 6 20 10 12 20 1 17 18 2 20 19 5 19 10 12 1 15 12 10 2 6 15 17 12 4 20 8 2 20 13 8 8 5 19 13 12 6 14 11 8 19 15 13 19
102 18 7 8 1 14 19 18 8 5 3 1 14 11 14 2 1 18 18 11 14 10 3 3 3 19 15 11 8 16 5 17 15 10 14 7 1 12 8 18 9 13 13 19 13 10 15 4 16 10 6 2 20 12 18 17 2 17 1 13 7 16 19 12 4 14 20 1 2 14 8 7 8 6 14 17 15 13 20 15 13 19 17 14 17 8 19 13 7 5 15 6 3 16 15 11 19 18 20 19 10 7 15
104 13 7 17 9 2 12 12 18 18 5 12 5 9 16 12 4 4 14 10 2 13 17 15 5 2 16 10 12 12 13 11 3 19 12 5 1 19 17 6 5 13 1 9 10 4 12 17 11 19 4 20 1 13 3 18 17 15 10 20 8 9 12 1 10 2 4 14 11 10 5 18 16 19 2 4 17 10 12 18 3 3 1 5 3 4 2 8 11 8 13 15 5 7 5 11 11 20 5 15 9 11 13 19 9
107 8 5 1 18 4 19 18 14 8 8 8 20 7 16 12 15 6 5 7 8 14 10 1 12 7 5 14 8 5 8 20 15 3 17 2 16 14 17 2 8 13 12 19 20 20 14 16 18 9 6 7 17 20 10 5 3 14 15 20 16 16 14 3 1 18 7 3 18 4 10 3 16 1 9 7 9 10 4 6 9 19 3 15 3 20 18 19 4 19 2 7 10 4 9 6 18 4 8 5 2 13 5 20 8 2 18 12
108 2 17 20 12 3 13 5 8 4 20 17 18 20 10 1 18 17 12 6 14 20 7 1 11 18 7 20 19 1 8 3 16 3 8 9 3 19 20 7 10 1 18 18 17 12 10 10 13 4 11 17 10 5 4 11 17 11 15 15 2 17 15 8 15 17 7 16 6 15 10 7 13 6 10 9 12 1 15 1 10 10 3 1 1 10 7 12 6 4 8 6 19 12 13 9 13 20 10 3 9 6 5 18 11 9 17 9 10
109 4 9 9 19 14 7 3 4 5 4 11 17 20 5 10 3 12 20 13 3 12 13 4 19 9 13 17 2 11 6 20 18 19 12 14 15 2 13 13 14 5 9 17 14 14 1 10 12 1 6 5 14 12 11 6 15 8 11 11 7 20 9 7 7 20 4 20 19 11 8 15 6 2 12 1 19 7 9 17 15 4 7 4 9 11 3 7 11 13 3 9 20 3 19 8 10 5 9 13 18 15 15 13 16 11 17 7 12 17
109 16 11 2 11 10 13 10 20 10 4 5 4 16 14 15 11 1 4 12 14 1 6 17 17 8 10 5 18 6 8 9 7 2 4 18 20 12 14 10 14 8 8 20 7 8 6 6 14 7 10 19 13 7 10 17 20 20 19 8 2 10 8 12 17 7 8 8 15 3 19 11 4 18 10 5 20 8 11 8 15 4 3 16 11 16 13 1 1 7 10 9 10 7 5 3 18 8 14 5 18 20 12 16 4 6 11 15 13 11
110 11 2 13 12 7 9 19 10 3 8 18 3 4 15 20 5 12 8 18 3 7 7 1 9 12 1 6 7 3 3 15 11 20 5 13 18 10 18 15 19 17 14 15 10 18 12 14 2 8 4 8 11 12 3 15 19 8 10 14 2 5 9 20 14 15 5 9 19 19 20 11 1 8 3 7 11 18 16 16 7 13 16 14 9 19 15 20 15 13 3 19 1 6 20 7 20 10 10 15 16 6 16 16 11 3 12 17 14 1 3
